  1.0000 342.0526
   2.000 6031.865
   3.000 9968.851
   4.000 5051.594
   5.000 9689.025
   6.000 3643.734
   7.000 5516.167
   8.000 4967.786
   9.000 1027.035
 10.0000 591.6925
 11.0000 182.4829
 12.0000 335.4102
13 90
 14.0000 818.8406
   15.00 15277.75
 16 240
 17.0000 108.1665
18 60
 19.0000 169.7056
  20.000 4874.515
  21.000 5133.858
  22.00 4275.71
23 60
  24.000 2751.182
 25 210
  26.000 6175.994
27.00000 42.42641
  28.000 3216.022
 29.0000 152.9706
30.00000 67.08204
  31 1440
32.00000 84.85281
 33.0000 201.2461
  34.000 1001.299
 35.0000 349.8571
 36.0000 778.2673
37 60
   38.00 17611.53
  39.00 8764.16
  40.000 1273.146
 41 150
 42.0000 108.1665
 43 510
 44 120
  45.000 7137.857
  46.000 8464.307
 47.0000 551.5433
 48.0000 898.9994
 49.0000 512.6402
   50.00 18646.03
51 90
52.00000 42.42641
  53.000 3948.164
   54 11281
   55.0 10154.9
  56.000 3407.873
   57.0 10811.2
 58.0000 276.5863
 59 150
60 90
61 60
  62.000 4902.408
  63.000 2310.195
 64 240
 65.0000 494.7727
  66.000 5209.731
67 60
68 60
  69.00 7167.74
70.00000 84.85281
  71.000 2571.789
 72.0000 134.1641
  73.000 4930.416
74.00000 67.08204
  75.000 2455.056
 76 780
 77.000 284.605
  78.000 6870.589
  79 2340
  80.000 5652.115
  81 2310
 82.0000 676.8309
83.00000 67.08204
  84.000 1464.787
  85.000 1065.317
86.00000 42.42641
