  1.0000 270.4164
  2.0000 296.9848
  3.0000 248.2942
   4 1050
 5 15
 6 15
 7 15
 8 15
  9.0000 354.0127
10.0000 21.2132
11 15
  12.000 4607.223
13 15
14 15
  15.000 1173.456
 16.0000 117.1537
  17 1935
18 15
  19.000 2094.099
20 15
21.0000 21.2132
22 15
23 15
24 15
25 15
  26.000 1681.339
27 15
28 15
 29 210
 30.0000 108.1665
31 15
  32.000 4814.626
33 15
  34.000 1098.692
35 60
 36.0000 281.8244
37 15
38 15
  39.000 2871.119
  40.000 1626.999
41 15
42 15
 43 375
44.00000 61.84658
45 15
46 15
 47.0000 108.1665
  48.000 4340.291
 49 135
50 15
51.00000 80.77747
  52.000 3113.214
53 15
54 15
55 15
  56.000 9814.643
57 15
 58.0000 337.0831
 59.0000 180.6239
60 15
 61 225
 62.0000 351.4612
  63.000 1106.752
64 15
65.00000 84.85281
 66.0000 597.3692
67 15
   68.00 10503.81
 69.0000 961.8732
70.00000 94.86833
 71.0000 221.4723
 72.0000 776.8204
73 15
 74.0000 582.4946
  75.000 1139.408
 76.0000 420.2678
 77.0000 100.6231
 78.0000 138.2932
79 15
80 15
  81.000 3051.643
82 15
 83.0000 214.7673
84 15
   85.00 15234.43
 86 150
 87 150
 88.0000 147.7329
 89.0000 167.7051
90.00000 54.08327
91 15
 92.0000 270.4163
 93 165
 94 180
  95.000 3825.265
 96.0000 389.4226
 97.0000 120.9339
98 15
99 15
100 195
 101.000 1829.078
102  75
103.0000 417.8516
 104.0 9376.2
105.0000 647.0896
106  90
107  90
 108.000 1337.105
109  15
110  15
111.0000 251.4458
112.0000 233.3452
113.0000 342.0526
 114.000 2097.266
115  15
116  15
117 120
118.0000 429.0105
119  15
120  15
121  15
122  15
123  15
124.00000  94.86833
125  15
126  15
 127.000 2414.301
 128.000 1207.849
129  15
130  15
131  15
 132.000 1156.557
133.0000 213.1901
134  15
135  15
 136.00 5295.51
137  15
138  15
139  15
 140.000 1000.625
