    2.00 11430.16
   4.000 1218.236
  5.0000 318.9044
  8.0000 483.7355
   9.000 1490.369
  10.000 2566.885
 11.0000 722.4957
  12.00 7356.12
  14.000 2974.845
  17.00 3047.77
  18.000 2136.539
 19.0000 169.7056
  20.00 2554.76
  21.000 1782.162
  25.000 2063.032
  27.000 1034.456
  28.000 6990.966
  29.000 2130.634
  30.00 1176.52
 31.0000 456.9464
  32.000 1247.798
  33.000 4158.329
   34.0 17325.9
  36.000 1961.275
 37 900
  38.000 2336.921
  39.000 3094.802
  41.000 2495.596
  44.0 1501.2
  48.0 1124.5
  49.00 3277.56
 51.0000 918.3137
 54.0000 845.3402
   55.00 16264.12
 56.0000 999.0495
  57.000 2226.477
  59.000 3263.388
  61.000 1159.181
 62.0000 755.3807
  67.000 1298.692
  69.000 3003.897
  70.000 5728.115
  71.000 1314.876
 72.0000 874.6428
 73.0000 474.3416
  74.000 1178.813
  75.000 2559.863
  76.000 3403.248
  77.000 1549.871
 78 450
 79.0000 502.8916
  80.000 1890.238
  82.000 2406.367
  85.000 3770.106
  86.000 1046.566
  87.000 4145.757
  88.000 2343.075
 90.0000 780.5767
  91.000 1173.456
 92.0000 436.8066
  93.000 1890.238
  94.000 2271.497
 95.0000 474.3416
   96.00 15452.36
 98.0000 547.4486
102.0000 323.1099
103.000 680.147
 104.000 2063.904
 105.000 1120.089
 106.000 1321.363
107.0000 402.4922
108.0000 934.3447
109.0000 882.8363
 110.000 3714.674
111.0000 469.5743
112.000 212.132
 113.00 2618.95
 114.000 1209.339
 116.000 2670.169
 117.000 1412.869
118.0000 859.0693
119.0000 582.4946
120.0000 690.6519
121.0000 878.2369
 122.000 1578.924
123.0000 948.6833
 124.000 1740.259
 125.000 1034.456
126.0000 283.0194
127.0000 684.1053
 128.00 5920.27
 129.000 1323.065
130.0000 247.3863
  133.00 17273.46
 134.000 1008.464
 135 2220
 136.00 1617.22
 137.000 4624.673
 140.000 1734.042
 142.000 1436.558
143.0000 577.0615
 144.000 1973.854
145.0000 947.2592
 146.00 5635.69
147.0000 872.0665
148.000 906.973
 149.000 2682.107
 150.000 3018.692
 151.000 1006.231
 152.000 2322.434
 154.00 2481.31
 156.000 1524.106
 159.000 1519.079
 161.000 1213.425
162.0000 424.2641
163.0000 859.0693
164.0000 737.9024
165.000 351.141
166.0000 966.0745
167.0000 695.8448
168.000 284.605
169 450
 170.000 3394.378
 171.000 1745.423
172.0000 618.4658
 175.000 1168.461
 176.000 1036.195
178.0000 678.8225
180.0000 617.7378
 181.000 1440.312
 182.000 2150.814
 183.000 1366.236
 184.000 2382.876
185.0000 566.0389
 187.000 1247.798
 188.000 4155.406
 191.000 6951.266
192.0000 408.0441
194 270
 195.000 1154.513
 197.000 2139.276
 199.000 2451.204
 200.000 1816.177
201.0000 810.5554
 204.00 1135.65
207.0000 349.8571
 208.000 1863.867