   1.000 3572.394
   2 2280
  3.0000 364.9658
   4.000 2040.221
   5 1170
   6.000 1181.863
   7.000 2038.676
   8.00 2386.65
   9.00 1476.11
 10.0000 524.7857
  11.000 1894.756
 12.0000 766.6159
  13.0 1336.6
 14 930
 15.0000 480.9366
  16.000 1015.135
 17.0000 531.6014
  18.000 2482.942
  19.000 1786.197
 20 870
  21.0 1336.6
 22.0000 684.1053
 23.0000 283.0194
  24.000 1053.423
  25.000 1020.441
  26.000 1772.794
 27.0000 684.1053
  28.000 1154.123
  29.000 1975.677
  30.000 1866.762
 31.0000 692.6038
 32.0000 603.7384
 33.0000 582.4946
  34.000 3588.607
  35 1560
  36.000 5366.982
  37.000 3816.019
  38.000 2173.499
 39.0000 457.9301
 40.0000 523.9275
  41 1620
  42.000 2482.942
  43.000 1520.855
  44 6120
  45.000 1632.176
